seeds：[1, 2, 3, 4, 5, 6, 7, 8, 9, 10]
每类选取训练样本个数：50
total_param：0.183979M
FLOPs：20097017892.0
平均训练时间：203.53959937999997
平均测试时间：0.9454647899999771

每次测试的总体分类精度OA：[0.995326   0.9959541  0.9927765  0.9946794  0.98797315 0.9947902
 0.9957509  0.9932384  0.99599105 0.9951597 ]
每次测试的平均分类精度AA：[0.99675026 0.99685099 0.99637502 0.99709223 0.99390434 0.99652203
 0.99693143 0.99540544 0.99757353 0.99712888]
每次测试的Kappa系数：[0.99479718 0.99549608 0.99195974 0.99407752 0.98662039 0.99420123
 0.99526832 0.99247233 0.99553719 0.99461152]

总体分类精度OA (mean+-std)：0.994164+-0.0023058322
平均分类精度AA (mean+-std)：0.9964534145855571+-0.0010099788037211703
Kappa系数 (mean+-std)：0.9935041492453747+-0.002564414499517414
每类分类精度 (mean+-std)：[0.99995022 1.         1.         0.99906743 0.99697535 0.99946956
 0.99958089 0.9852187  1.         0.97827944 0.99934457 0.99937727
 0.99912664 0.99523364 0.99229499 0.99933592]+-[0.00014933 0.         0.         0.00101703 0.00180208 0.00129018
 0.00043734 0.010964   0.         0.00994883 0.000941   0.00186819
 0.00144831 0.00437259 0.00582086 0.00199225]
