1774.125
1773.6847
1773.1788
1772.4487
1771.4637
1770.2278
1768.7136
1766.7917
1764.176
1760.7716
1756.4326
1751.1873
1744.9934
1737.7036
1729.3171
1719.4899
1707.408
1692.3713
1673.1218
1649.9216
1622.8512
1592.4153
1559.1968
1524.2142
1484.0033
1438.5896
1392.0862
1343.2505
1294.024
1245.4547
1195.4019
1141.3591
1085.2097
1029.5802
975.9802
923.532
868.9626
814.84235
764.15845
716.7141
666.49036
617.8025
574.31116
533.409
494.11417
456.08856
417.66388
384.8744
360.07358
328.05115
295.80127
269.36603
246.68239
232.33249
217.39682
197.60152
184.37297
163.35
159.79764
138.5339
135.97354
126.57411
112.41333
119.66559
95.28584
98.8295
98.8448
83.18852
87.598206
79.974785
60.868843
58.744385
57.041386
48.46754
44.77601
44.650925
40.15595
34.385315
31.947287
30.605736
27.809002
25.459589
23.927933
23.041712
21.79958
20.153385
18.91816
17.709513
16.72682
15.7477255
14.99766
14.351557
13.753445
13.139494
12.414854
11.765612
11.207235
10.67378
10.219428
9.799644
9.42878
9.025926
8.588093
8.230854
7.953639
7.7102275
7.4994297
7.2817593
7.0752416
6.8489056
6.6290035
6.3262434
6.1171236
5.931817
5.7578397
5.6160145
5.490942
5.3632717
5.2216997
5.066974
4.889568
4.7079425
4.5587773
4.4415083
4.3550205
4.27796
4.1932197
4.0828953
3.970683
3.8768706
3.7974157
3.7280083
3.6633663
3.5975296
3.5205967
3.4349382
3.3555212
3.285007
3.2249722
3.1714163
3.1176116
3.059421
3.0075624
2.9588351
2.9105344
2.8560467
2.7980604
2.7435362
2.6934776
2.6469998
2.6045423
2.5639415
2.521931
2.4781883
2.4393854
2.4033103
2.3690815
2.333
2.294921
2.2568529
2.2223299
2.1902583
2.1558294
2.120862
2.0885057
2.057753
2.0294003
1.9995592
1.968631
1.9390609
1.9128934
1.888307
1.8642294
1.8415276
1.8161763
1.7876645
1.7598826
1.7344617
1.7116207
1.6909369
1.6703975
1.648066
1.6232257
1.5999752
1.5772198
1.557914
1.5398738
1.5218165
1.5022426
1.4834797
1.4642378
1.4444301
1.4251753
1.4067996
1.3908237
1.3741317
1.3576621
1.3419628
1.3274803
1.3123219
1.2965304
1.2811294
1.2669103
1.251373
1.236531
1.222528
1.2095231
1.1965032
1.182686
1.1697428
1.1563418
1.1444995
1.1323037
1.1208609
1.1083729
1.0954087
1.083606
1.0726062
1.0610782
1.0493453
1.0380986
1.026609
1.016098
1.0053647
0.99464077
0.98414844
0.97438073
0.96496767
0.9551621
0.9449941
0.9345125
0.92514
0.9158901
0.9078525
0.898876
0.88979965
0.8800411
0.8716165
0.8633951
0.85598373
0.8480977
0.8393827
0.8306129
0.82248133
0.8148807
0.80760396
0.8000083
0.79214704
0.78415215
0.7767472
0.7698487
0.7633961
0.75644433
0.7493383
0.7425301
0.73560864
0.7289946
0.7228464
0.7168277
0.7104186
0.70374346
0.6972637
0.69099486
0.6853751
0.67963725
0.674157
0.6683874
0.6624148
0.6564152
0.65081316
0.64532304
0.64003205
0.634761
0.62889457
0.6226748
0.61731565
0.612095
0.6070934
0.6019673
0.5968206
0.5921469
0.58771724
0.5830018
0.57801133
0.5727428
0.5680788
0.56365377
0.5592426
0.5548971
0.55051357
0.54624104
0.5421016
0.537821
0.5337479
0.5298488
0.5257726
0.5214939
0.51715875
0.5131341
0.50945365
0.5056389
0.50203896
0.4987924
0.49530107
0.491265
0.4875355
0.48362285
0.47996196
0.47639754
0.47329104
0.46999928
0.4664374
0.4628523
0.45932248
0.4558676
0.4525599
0.44952843
0.4463208
0.44303685
0.4400541
0.43713498
0.4341881
0.43119255
0.4282394
0.42537522
0.42235467
0.41959304
0.4167211
0.4136649
0.41094416
0.40816242
0.40539393
0.40275922
0.40011013
0.39733535
0.3946724
0.3921825
0.38954878
0.38695297
0.38426042
0.3815828
0.3791384
0.37675333
0.37429616
0.37181306
0.3693046
0.36686742
0.3645441
0.36231166
0.36019188
0.35789
0.3555177
0.3532008
0.35095608
0.34889382
0.34671187
0.34450364
0.342325
0.34024742
0.3382397
0.33598527
0.33384404
0.33183658
0.32985836
0.3276121
0.32573304
0.32377344
0.32176578
0.31982216
0.31780946
0.31584495
0.31390005
0.31207204
0.3103559
0.30861837
0.30675462
0.30489093
0.30305934
0.30114782
0.29942057
0.29773638
0.29604417
0.29424706
0.29254305
0.2908225
0.28913242
0.2874017
0.285805
0.28423363
0.28263402
0.28103828
0.2793416
0.27772117
0.27609318
0.27440515
0.2728556
0.27143312
0.27002656
0.26861385
0.26725587
0.26569438
0.26414198
0.2624899
0.260908
0.2595321
0.25810385
0.2567762
0.255399
0.25393423
0.25265265
0.25130588
0.24994579
0.2485354
0.24711171
0.24569711
0.24432625
0.2430384
0.24183623
0.24077678
0.2395243
0.23835342
0.23697957
0.2356003
0.23426066
0.23296444
0.2318257
0.23061723
0.22933158
0.22817281
0.22688532
0.22563985
0.22447754
0.22333393
0.22226354
0.22127238
0.22023194
0.21919098
0.2180571
0.21691312
0.21582478
0.21472001
0.21362172
0.21252939
0.21148947
0.21032736
0.20922898
0.20820856
0.20717657
0.20613807
0.20503995
0.20398045
0.20295143
0.20203665
0.20109963
0.20019554
0.19930099
0.19829682
0.19726756
0.19626722
0.1953691
0.19434926
0.1934784
0.1925183
0.19158715
0.19057941
0.1896356
0.18875358
0.18786937
0.18699507
0.18627211
0.18553102
0.18474683
0.18384515
0.18283921
0.1819322
0.18109593
0.1801635
0.17933694
0.17849576
0.17777099
0.17697752
0.17621171
0.17530218
0.17451346
0.1737058
0.17289841
0.1721331
0.17134085
0.1706696
0.1699255
0.16906345
0.16825876
0.16740838
0.16656524
0.16585958
0.16512525
0.16452654
0.1638305
0.16313338
0.16247085
0.1616832
0.16097471
0.16019186
0.15941276
0.15869969
0.15804976
0.15741554
0.15678349
0.15610908
0.155401
0.15469337
0.15398064
0.15327659
0.1526168
0.15192066
0.15131637
0.15068874
0.15014762
0.1494807
0.14874598
0.14807716
0.14747371
0.14679347
0.14615986
0.14555354
0.14495602
0.14440654
0.14384022
0.14322649
0.14263217
0.14201587
0.14136517
0.14078802
0.14021346
0.13962066
0.13915525
0.13856965
0.13794208
0.13729054
0.13666087
0.13615182
0.13556859
0.13500167
0.13454673
0.13402133
0.13345599
0.13291758
0.13241246
0.13183624
0.13129638
0.13078943
0.13023497
0.12973167
0.1291464
0.12858129
0.12807712
0.12758815
0.12711294
0.12662818
0.12614268
0.12564966
0.1251564
0.12462906
0.12411006
0.123587586
0.1231212
0.12265222
0.122215286
0.12172176
0.121262446
0.12082262
0.12033145
0.11984586
0.11936319
0.118909575
0.11845889
0.11801081
0.11758127
0.11715567
0.11672926
0.1162866
0.11584231
0.115387045
0.11490362
0.11446493
0.114028625
0.11362091
0.11321615
0.11281648
0.112405166
0.11197758
0.11155743
0.11117566
0.11076404
0.11038025
0.109913886
0.109487265
0.109120935
0.10868795
0.108285666
0.107907586
0.107494846
0.10709304
0.10668851
0.10626773
0.10589885
0.10549457
0.10516463
0.10482451
0.1044579
0.10407558
0.10370855
0.10327489
0.10288973
0.10256941
0.102243
0.10188332
0.10155834
0.10116904
0.10080428
0.10039824
0.10001577
0.09969699
0.09936425
0.09903264
0.09872766
0.09839576
0.0980136
0.09764503
0.09729334
0.09693462
0.09660255
0.09627374
0.09596649
0.09569301
0.095384106
0.09503505
0.09463624
0.094319314
0.093934655
0.09364177
0.093328975
0.093015745
0.0927138
0.09243404
0.09214624
0.091830105
0.091474384
0.091150016
0.0908359
0.090505265
0.09019552
0.08993061
0.0896301
0.08932053
0.0890081
0.08872834
0.08841262
0.08813538
0.08784972
0.08757742
0.08729659
0.087003596
0.0866576
0.08635845
0.08607215
0.08580612
0.08552142
0.08525491
0.08498792
0.084700905
0.084419124
0.08413389
0.08385021
0.08356265
0.08326519
0.08297262
0.08270631
0.082430504
0.082193635
0.08193536
0.08168906
0.081426434
0.08113153
0.08088012
0.08058679
0.08033042
0.080020204
0.079780474
0.079579994
0.07934134
0.079102986
0.07887012
0.07863522
0.078356504
0.07810938
0.07787116
0.07761927
0.07738485
0.077168204
0.07692627
0.076646
0.07639244
0.07612571
0.07589213
0.075654194
0.07543009
0.075204924
0.07495971
0.074729666
0.07449125
0.07427772
0.074033715
0.0737789
0.07354981
0.073334605
0.07313304
0.072935596
0.072729334
0.07251431
0.07226236
0.07201633
0.071782455
0.07156697
0.0713632
0.07115103
0.07095074
0.07075145
0.07054345
0.07031113
0.07009659
0.06986874
0.06968044
0.069455326
0.069254614
0.069046855
0.06884633
0.068656765
0.0684635
0.068253055
0.06804572
0.0678576
0.067636974
0.06741056
0.06721403
0.06703133
0.06683061
0.06662871
0.06643968
0.06622973
0.06605144
0.06587296
0.06568734
0.06547637
0.06528878
0.06511192
0.06491079
0.06473221
0.06453979
0.06435184
0.06415251
0.06397684
0.06379974
0.0635892
0.06340334
0.06322743
0.06304057
0.06286532
0.062664494
0.062500104
0.06232194
0.06213506
0.06196501
0.061803117
0.061633
0.06144314
0.061283156
0.061092056
0.06093339
0.06077145
0.06060473
0.06044838
0.060270213
0.06009998
0.059939463
0.059752777
0.059590593
0.059420653
0.059286557
0.059124492
0.058945846
0.05878009
0.058623746
0.058429897
0.05827184
0.0581025
0.0579241
0.057799593
0.057647314
0.057502475
0.05736558
0.05721598
0.057022493
0.05684612
0.05668877
0.05653529
0.056383185
0.056226194
0.05608244
0.055959072
0.05577614
0.055637635
0.055468947
0.055329487
0.05514387
0.055000775
0.05485028
0.0547101
0.054577734
0.054434817
0.054288436
0.054160662
0.05401106
0.053852037
0.053709183
0.053572163
0.053436037
0.0532815
0.053145014
0.053007998
0.052864425
0.052708022
0.052562546
0.052438408
0.052289583
0.052154295
0.05203326
0.05190876
0.051782593
0.05165769
0.051512927
0.051357783
0.051208902
0.051065918
0.05092831
0.05081324
0.050694942
0.050564967
0.05045359
0.05032116
0.050177895
0.050040096
0.04992038
0.049797494
0.049670853
0.04952209
0.049404576
0.04927203
0.049148552
0.04903139
0.048915185
0.048797257
0.048672885
0.04855191
0.048425153
0.04828516
0.048175152
0.0480382
0.047914356
0.047798164
0.047701567
0.047582857
0.047462065
0.047341034
0.04719876
0.04709795
0.04697232
0.046858683
0.0467414
0.04663468
0.046509713
0.046378545
0.046254173
0.046132367
0.04603292
0.045928694
0.045805454
0.045695037
0.04557246
0.045468237
0.045357578
0.04525753
0.0451712
0.045061618
0.04495263
0.044827837
0.044706278
0.04458202
0.04448603
0.04436983
0.0442615
0.044180416
0.044080548
0.04397788
0.043847427
0.043726876
0.043629274
0.043520283
0.04343073
0.043321744
0.04321848
0.04311558
0.04299943
0.042894088
0.042782117
0.042684697
0.04259509
0.04248419
0.04238248
0.04227534
0.042176068
0.042078417
0.041975453
0.041883335
0.041797485
0.041702986
0.04158989
0.0415001
0.041404348
0.04131093
0.041197166
0.041093547
0.041009717
0.040918976
0.040820483
0.04072223
0.040613722
0.040517733
0.040419657
0.04032159
0.040241756
0.040140696
0.04005246
0.039956294
0.039882183
0.039781548
0.03967107
0.03957437
0.039486844
0.039398428
0.039319493
0.039209016
0.039130077
0.039038684
0.038949076
0.038850047
0.0387698
0.0386948
0.03859035
0.038491793
0.03841173
0.03832045
0.038231142
0.03814135
0.03805908
0.037964284
0.037873663
0.037799675
0.037712216
0.037624516
0.03754188
0.0374642
0.03736416
0.037284747
0.037192397
0.037103087
0.037024688
0.036932576
0.036854416
0.03677322
0.036699407
0.036621787
0.03653474
0.036459144
0.03636519
0.036282912
0.036200218
0.03612391
0.036052484
0.035976235
0.035896227
0.03579982
0.035721604
0.035639867
0.03555461
0.035485692
0.035406284
0.03533242
0.035250142
0.03515648
0.035086907
